2 0
1.67656 1.31919
0.533205 2.20306
-0.998752 2.18231
-2.25296 1.15842
-2.6178 -0.508181
-1.8302 -2.11905
-0.134072 -2.93027
1.7842 -2.49421
3.07254 -0.89413
3.09123 1.24717
1.72447 3.00732
-0.5238 3.56169
-2.71091 2.56686
-3.85051 0.353093
-3.35629 -2.17608
-1.33511 -3.91177
1.41386 -4.0256
3.71296 -2.36092
4.51055 0.453914
3.3601 3.23844
0.656339 4.75492
-2.49183 4.25776
-4.71526 1.85404
-4.97983 -1.4971
-3.06444 -4.36505
0.298188 -5.45853
3.69777 -4.20553
5.63771 -1.04273
5.19343 2.72874
2.44849 5.47767
-1.4955 5.94822
-4.959 3.83137
-6.39975 -0.0566484
-5.0985 -4.0853
-1.51084 -6.49321
2.88442 -6.15793
6.19382 -3.11572
6.92497 1.40803
4.65782 5.49042
0.270325 7.32835
-4.39772 6.03417
-7.3158 2.05888
-7.14575 -2.9568
-3.85266 -6.85868
1.23401 -7.90425
5.95517 -5.53959
8.23849 -0.681994
7.00748 4.63198
2.68476 8.09999
-2.94417 8.15126
-7.46742 4.65593
-8.88017 -0.973116
-6.47225 -6.34936
-1.17727 -9.12437
4.7854 -8.01318
8.8404 -3.386
9.16871 2.84514
5.52186 8.01541
-0.625375 9.84683
-6.66938 7.45113
-9.98026 1.75469
-9.04588 -4.85556
-4.15985 -9.53182
2.65868 -10.1923
8.49824 -6.44652
10.7983 0.191181
8.47134 6.91189
2.41248 10.8005
-4.84039 10.1
-10.1692 5.00319
-11.2161 -2.3841
-7.42567 -8.91175
-0.328719 -11.7287
7.07384 -9.52778
11.5796 -3.1485
11.1699 4.73817
5.91264 10.7476
-2.02109 12.2342
-9.25202 8.45485
-12.6322 0.933216
-10.6152 -7.1525
-3.96026 -12.3121
4.54751 -12.2498
11.2625 -6.88447
13.2406 1.56967
9.52934 9.51539
1.62085 13.5031
-7.14546 11.728
-12.9927 4.84497
-13.3338 -4.26735
-7.91472 -11.7093
1.03025 -14.2294
9.6985 -10.6442
14.3355 -2.38981
12.8608 7.05062
5.79949 13.6164
-3.89701 14.4159
-12.0839 8.9991
-15.1946 -0.403578
-11.7943 -9.79828
-3.23792 -15.1239
6.86623 -14.0077
14.1782 -6.82038
15.4901 3.43617
10.1331 12.3823
0.309225 16.1304
-9.81194 12.9742
-15.8629 4.1627
-15.1628 -6.59088
-7.9039 -14.6733
2.88485 -16.5505
12.6007 -11.312
17.0307 -1.10668
14.1785 9.73705
5.16131 16.5471
-6.22351 16.3203
-15.0973 9.04602
-17.5909 -2.24345
-12.5307 -12.7358
-1.98697 -17.89
9.57148 -15.4014
17.1712 -6.23057
17.4741 5.76341
10.2424 15.4459
-1.51273 18.6053
-12.7844 13.784
-18.7024 2.9479
-16.6372 -9.31343
-7.36701 -17.7304
5.21024 -18.618
15.7151 -11.4885
19.5877 0.693807
15.0665 12.7438
3.98695 19.4625
-8.96147 17.8799
-18.2198 8.56684
-19.7461 -4.56402
-12.7795 -15.9011
-0.211831 -20.5322
12.6114 -16.3726
20.1648 -5.10124
19.1235 8.51451
9.82598 18.6348
-3.82513 20.8521
-16.0004 14.1102
-21.433 1.20234
-17.6966 -12.385
-6.28759 -20.8039
7.9718 -20.3618
18.971 -11.14
21.9299 2.99432
15.4755 16.0098
2.27552 22.2841
-12.0629 19.0325
-21.375 7.54246
-21.5886 -7.33299
-12.5044 -19.2244
2.07273 -22.9734
15.9265 -16.8697
23.08 -3.42882
20.3743 11.6435
8.86203 21.8729
-6.59807 22.7977
-19.3911 13.9141
-23.9765 -1.06182
-18.2873 -15.7478
-4.65935 -23.8152
11.1256 -21.7159
22.2931 -10.2421
23.9829 5.76739
15.3641 19.4675
0.036532 24.9333
-15.4716 19.7223
-24.4841 5.96387
-23.051 -10.5086
-11.6784 -22.6311
4.84171 -25.138
19.4504 -16.8489
25.8379 -1.22013
21.1687 15.0959
7.33882 25.0817
-9.792 24.3732
-22.8827 13.166
-26.2566 -3.82213
-18.3631 -19.3367
-2.4864 -26.6844
14.6192 -22.6204
25.6029 -8.78031
25.6764 8.97575
14.7001 23.0438
-2.71014 27.3326
-19.1239 19.9006
-27.4673 3.83243
-24.0712 -14.0402
-10.2842 -26.043
8.0602 -26.954
23.111 -16.2754
28.36 1.50757
21.4558 18.8096
5.25494 28.1809
-13.3583 25.5146
-26.3972 11.8459
-28.1997 -7.04605
-17.8864 -23.0806
0.216661 -29.3325
18.3918 -23.0223
28.82 -6.75035
26.9443 12.5728
13.4607 26.6614
-5.93441 29.4072
-22.9498 19.5275
-30.2444 1.16002
-24.5939 -17.869
-8.31471 -29.3794
11.6837 -28.3538
26.8313 -15.1235
30.5701 4.72673
21.1927 22.7158
2.61953 31.0898
-17.2397 26.1643
-29.8542 9.94379
-29.7364 -10.6913
-16.829 -26.9033
3.42485 -31.6821
22.376 -22.876
31.8631 -4.15859
27.7269 16.5032
11.633 30.2396
-9.59632 31.0858
-26.8739 18.5717
-32.7371 -2.03099
-24.5712 -21.9285
-5.77355 -32.5587
15.6589 -29.2752
30.5312 -13.3776
32.3954 8.39973
20.3457 26.7397
-0.547726 33.7289
-21.3715 26.2718
-33.1714 7.46046
-30.8026 -14.7066
-15.1723 -30.7247
7.10299 -33.6587
26.498 -22.1452
34.6516 -1.02199
27.9714 20.7037
9.21501 33.696
-13.6465 32.3024
-30.8162 17.0119
-34.8692 -5.70792
-23.9638 -26.1462
-2.67484 -35.4994
19.924 -29.6632
34.1277 -11.0326
33.7678 12.4794
18.8905 30.802
-4.21673 36.0207
-25.6821 25.7952
-36.2665 4.40719
-31.3406 -19.0318
-12.9083 -34.4618
11.2061 -35.1922
30.6789 -20.8024
37.1068 2.63198
27.6329 25.1038
6.21502 36.9476
-18.0269 32.9968
-34.6939 14.8369
-36.569 -9.82814
-22.7415 -30.4438
0.95663 -38.1213
24.4099 -29.4702
37.5373 -8.09399
34.625 16.9095
16.813 34.82
-8.34723 37.8915
-30.094 24.7013
-39.0584 0.806014
-31.3003 -23.5993
-10.0395 -38.0305
15.68 -36.2182
34.8362 -18.8307
39.1531 6.76554
26.6755 29.6271
2.65227 39.912
-22.6713 33.1164
-38.4225 12.0464
-37.7695 -14.3395
-20.8842 -34.7391
5.08565 -40.3474
29.0413 -28.6574
40.6765 -4.57812
34.9115 21.6255
14.1096 38.7086
-12.8893 39.2723
-34.5253 22.9671
-41.4681 -3.31047
-30.64 -28.3348
-6.57918 -41.3465
20.4619 -36.6785
38.8847 -16.2235
40.7195 11.331
25.073 34.1921
-1.44333 42.5088
-27.5064 32.6166
-41.9166 8.65075
-38.4104 -19.181
-18.3822 -38.9465
9.66688 -42.1045
33.7371 -27.1954
43.4636 -0.512104
34.5799 26.5554
10.7878 42.3819
-17.7838 40.1002
-38.8906 20.5796
-43.4206 -7.89939
-29.3273 -33.1579
-2.55178 -44.3266
25.4811 -36.523
42.7376 -12.985
41.7407 16.2713
22.8094 38.7135
-6.03144 44.6612
-32.4529 31.4618
-45.092 4.67129
-38.4386 -24.2836
-15.2366 -42.9791
14.6454 -43.3249
38.4121 -25.0651
45.8199 4.06634
33.5919 31.6207
6.86591 45.7544
-22.9633 40.3193
-43.1023 17.5369
-44.846 -12.908
-27.3398 -37.9839
2.00776 -46.8904
30.6603 -35.7102
46.3085 -9.13055
42.158 21.5208
19.8795 43.1032
-11.0617 46.2969
-37.4264 29.6267
-47.8665 0.140267
-37.8094 -29.5711
-11.4598 -46.7492
19.9573 -43.9474
42.9784 -22.258
47.6708 9.10924
31.9184 36.7377
2.37331 48.7423
-28.3528 39.8822
-47.072 13.848
-45.6802 -18.2745
-24.6658 -42.7244
7.05396 -48.9611
35.9163 -34.2079
49.512 -4.68662
41.921 27.0058
16.2891 47.2723
-16.4742 47.3493
-42.3385 27.0959
-50.1613 -4.89948
-36.4877 -34.9609
-7.07507 -50.1703
25.5306 -43.9184
47.3459 -18.7768
48.9474 14.5589
29.5413 41.8181
-2.64985 51.2649
-33.8709 38.7502
-50.7117 9.53321
-45.867 -23.9282
-21.3045 -47.2892
12.5314 -50.4675
41.1611 -31.9945
52.2658 0.309472
40.9879 32.6458
12.0553 51.1314
-22.2002 47.7591
-47.0986 23.8655
-51.9026 -10.3949
-34.4483 -40.3657
-2.11687 -53.1579
31.2858 -43.1931
51.4247 -14.6352
49.5873 20.3485
26.4528 46.7709
-8.15302 53.2461
-39.4305 36.8949
-53.9355 4.62403
-45.358 -29.7913
-17.2666 -51.5871
18.3752 -51.3443
46.3036 -29.059
54.4912 5.80976
39.3268 38.3546
7.20654 54.5931
-28.1632 47.475
-51.6146 19.9428
-53.0227 -16.2833
-31.6767 -45.694
3.36952 -55.6314
37.1375 -41.736
55.1254 -9.85857
49.5362 26.4029
22.6569 51.5034
-14.0757 54.6153
-44.9404 34.2984
-56.6605 -0.837076
-44.1147 -35.779
-12.574 -55.5275
24.512 -51.5341
51.2503 -25.4017
56.1151 11.7561
36.9162 44.041
1.78243 57.5724
-34.2794 46.4549
-55.7946 15.3463
-53.4609 -22.4929
-28.1699 -50.8522
9.32843 -57.5151
42.9948 -39.5222
58.3614 -4.48348
48.7487 32.6396
18.1689 55.9226
-20.3482 55.309
-50.3064 30.9538
-58.8085 -6.79703
-42.1084 -41.801
-7.26023 -59.0218
30.8606 -50.9881
55.9072 -21.0345
57.071 18.0808
33.7457 49.6107
-4.16668 59.9888
-40.4593 44.6667
-59.5485 10.1065
-53.165 -28.9442
-23.9361 -55.745
15.6944 -58.7395
48.7634 -36.5377
61.0496 1.4425
47.1889 38.9698
13.0157 59.9364
-26.8923 55.2717
-55.4326 26.8661
-60.3072 -13.1926
-39.3215 -47.763
-1.36999 -61.9849
37.333 -49.6669
60.1809 -15.9812
57.3001 24.7075
29.8166 54.9671
-10.58 61.7671
-46.6086 42.089
-62.7887 4.26491
-52.0922 -35.55
-18.9956 -60.2777
22.3927 -59.2426
54.3461 -32.7799
63.1123 7.86115
44.8318 45.2995
7.23604 63.4554
-33.6222 54.4568
-60.2229 22.0518
-61.0913 -19.9512
-35.7477 -53.5674
5.04121 -64.3361
43.8357 -47.5416
