1000 0.000293
999 0.000268
998 0.000261
997 0.000261
996 0.000261
995 0.000265
994 0.000266
993 0.000264
992 0.000264
991 0.00026
990 0.000265
989 0.00026
988 0.000257
987 0.000257
986 0.000266
985 0.000281
984 0.00027
983 0.000296
982 0.00027
981 0.000292
980 0.000259
979 0.000257
978 0.000248
977 0.000243
976 0.000248
975 0.000243
974 0.000245
973 0.000246
972 0.000246
971 0.000242
970 0.000248
969 0.000242
968 0.000242
967 0.000246
966 0.000245
965 0.000244
964 0.000244
963 0.000242
962 0.000242
961 0.000236
960 0.000235
959 0.000267
958 0.000234
957 0.000234
956 0.000234
955 0.000239
954 0.000235
953 0.000235
952 0.000255
951 0.000288
950 0.000277
949 0.000276
948 0.000313
947 0.000296
946 0.000238
945 0.000239
944 0.000248
943 0.000266
942 0.000247
941 0.00023
940 0.00023
939 0.000232
938 0.000234
937 0.000233
936 0.00023
935 0.00023
934 0.000233
933 0.000229
932 0.000234
931 0.000241
930 0.000253
929 0.000247
928 0.000252
927 0.000251
926 0.000264
925 0.000258
924 0.00023
923 0.000244
922 0.000248
921 0.00023
920 0.00027
919 0.000294
918 0.000231
917 0.000226
916 0.00023
915 0.000229
914 0.000228
913 0.00023
912 0.000225
911 0.000225
910 0.000256
909 0.000252
908 0.000236
907 0.000233
906 0.000253
905 0.000233
904 0.000225
903 0.00023
902 0.000226
901 0.000227
900 0.00023
899 0.000251
898 0.000247
897 0.000244
896 0.000251
895 0.000244
894 0.000258
893 0.000241
892 0.000245
891 0.000252
890 0.000244
889 0.000222
888 0.000227
887 0.000222
886 0.000221
885 0.000222
884 0.000225
883 0.000222
882 0.000223
881 0.000223
880 0.000224
879 0.00022
878 0.000237
877 0.000234
876 0.000245
875 0.000237
874 0.000239
873 0.000243
872 0.000233
871 0.000235
870 0.000224
869 0.000218
868 0.000215
867 0.00028
866 0.000214
865 0.000213
864 0.000219
863 0.000224
862 0.000215
861 0.000212
860 0.000211
859 0.000216
858 0.000228
857 0.000229
856 0.000232
855 0.00024
854 0.000233
853 0.000235
852 0.000227
851 0.000232
850 0.000218
849 0.000212
848 0.000213
847 0.000213
846 0.000211
845 0.000211
844 0.000212
843 0.000216
842 0.000211
841 0.000212
840 0.000211
839 0.000222
838 0.000234
837 0.000232
836 0.000228
835 0.00023
834 0.000227
833 0.000227
832 0.000228
831 0.000226
830 0.000227
829 0.000225
828 0.000233
827 0.000206
826 0.000203
825 0.000203
824 0.000203
823 0.000204
822 0.000253
821 0.000213
820 0.000221
819 0.000207
818 0.000225
817 0.000247
816 0.000241
815 0.000237
814 0.000226
813 0.000229
812 0.00023
811 0.000241
810 0.00023
809 0.000225
808 0.000251
807 0.000245
806 0.000251
805 0.000245
804 0.00021
803 0.000206
802 0.000202
801 0.000198
800 0.000201
799 0.000198
798 0.000201
797 0.000202
796 0.0002
795 0.000199
794 0.000203
793 0.000199
792 0.000199
791 0.000206
790 0.000218
789 0.000228
788 0.000241
787 0.000246
786 0.000224
785 0.000231
784 0.000203
783 0.000201
782 0.000206
781 0.000195
780 0.00022
779 0.00022
778 0.000214
777 0.000213
776 0.000231
775 0.000215
774 0.000195
773 0.000191
772 0.000194
771 0.000189
770 0.000198
769 0.000209
768 0.000209
767 0.000209
766 0.000219
765 0.000209
764 0.000208
763 0.00021
762 0.000213
761 0.000201
760 0.000207
759 0.000208
758 0.000205
757 0.000192
756 0.00019
755 0.000193
754 0.000199
753 0.000187
752 0.000188
751 0.000185
750 0.000199
749 0.000189
748 0.000187
747 0.000185
746 0.000194
745 0.000197
744 0.000208
743 0.000197
742 0.000207
741 0.00021
740 0.000203
739 0.000198
738 0.000206
737 0.000205
736 0.000201
735 0.000198
734 0.000198
733 0.000216
732 0.000222
731 0.000204
730 0.000196
729 0.000194
728 0.000192
727 0.000226
726 0.000223
725 0.000195
724 0.000199
723 0.000231
722 0.000228
721 0.000212
720 0.000201
719 0.000207
718 0.000202
717 0.000203
716 0.000204
715 0.000203
714 0.000202
713 0.000201
712 0.000201
711 0.000202
710 0.0002
709 0.000201
708 0.0002
707 0.000202
706 0.000199
705 0.0002
704 0.000205
703 0.000212
702 0.000216
701 0.000221
700 0.000224
699 0.000215
698 0.000213
697 0.00019
696 0.000174
695 0.000197
694 0.000186
693 0.000188
692 0.000224
691 0.000185
690 0.000185
689 0.000198
688 0.000181
687 0.000177
686 0.000187
685 0.000196
684 0.000185
683 0.000183
682 0.000182
681 0.000186
680 0.000193
679 0.000206
678 0.000194
677 0.000196
676 0.000183
675 0.000195
674 0.000221
673 0.000196
672 0.000201
671 0.000176
670 0.00018
669 0.000184
668 0.00019
667 0.000178
666 0.000192
665 0.000186
664 0.00019
663 0.000191
662 0.000185
661 0.000192
660 0.000179
659 0.000193
658 0.000181
657 0.000185
656 0.000183
655 0.000172
654 0.000175
653 0.00019
652 0.000201
651 0.000175
650 0.000176
649 0.000174
648 0.000174
647 0.000175
646 0.000175
645 0.000202
644 0.000183
643 0.000184
642 0.000181
641 0.00018
640 0.000178
639 0.000193
638 0.000181
637 0.000181
636 0.000181
635 0.000179
634 0.00018
633 0.000177
632 0.00018
631 0.000181
630 0.000178
629 0.000179
628 0.000181
627 0.000204
626 0.000204
625 0.000195
624 0.000173
623 0.00018
622 0.000193
621 0.000194
620 0.000157
619 0.000157
618 0.000159
617 0.000167
616 0.000162
615 0.000185
614 0.000177
613 0.000173
612 0.000165
611 0.000176
610 0.000163
609 0.000161
608 0.000167
607 0.000182
606 0.000161
605 0.000166
604 0.000162
603 0.000165
602 0.000162
601 0.000165
600 0.00017
599 0.000164
598 0.000162
597 0.000163
596 0.000161
595 0.000159
594 0.000162
593 0.000161
592 0.000189
591 0.000169
590 0.000179
589 0.00016
588 0.000161
587 0.000159
586 0.000162
585 0.00016
584 0.000158
583 0.00016
582 0.00017
581 0.000168
580 0.000157
579 0.000159
578 0.000189
577 0.000192
576 0.000167
575 0.000162
574 0.000171
573 0.000166
572 0.000172
571 0.000171
570 0.000162
569 0.000166
568 0.000169
567 0.000183
566 0.000175
565 0.000149
564 0.000162
563 0.000179
562 0.000165
561 0.000157
560 0.000153
559 0.000157
558 0.00015
557 0.000153
556 0.000151
555 0.000152
554 0.000153
553 0.000149
552 0.00015
551 0.000148
550 0.000148
549 0.00015
548 0.000145
547 0.000175
546 0.000151
545 0.000149
544 0.000144
543 0.000153
542 0.000147
541 0.000152
540 0.000144
539 0.000145
538 0.000145
537 0.000147
536 0.000146
535 0.000159
534 0.000144
533 0.000142
532 0.000145
531 0.000143
530 0.000146
529 0.000141
528 0.000147
527 0.000143
526 0.000142
525 0.000148
524 0.000141
523 0.000142
522 0.000141
521 0.000141
520 0.00014
519 0.000142
518 0.000143
517 0.000142
516 0.000145
515 0.000142
514 0.000142
513 0.000143
512 0.000139
511 0.00014
510 0.000139
509 0.000138
508 0.000141
507 0.000136
506 0.000157
505 0.000143
504 0.000138
503 0.000141
502 0.000136
501 0.000139
500 0.00014
499 0.000158
498 0.000182
497 0.000149
496 0.000149
495 0.000142
494 0.000135
493 0.000151
492 0.000132
491 0.000136
490 0.000133
489 0.000136
488 0.000133
487 0.000123
486 0.000124
485 0.000139
484 0.000125
483 0.000123
482 0.000122
481 0.00012
480 0.000121
479 0.000122
478 0.000121
477 0.000123
476 0.000128
475 0.000122
474 0.000119
473 0.000119
472 0.000122
471 0.000137
470 0.000133
469 0.000136
468 0.000132
467 0.000131
466 0.000138
465 0.000142
464 0.000126
463 0.000138
462 0.000131
461 0.000131
460 0.000129
459 0.000128
458 0.000123
457 0.000128
456 0.000123
455 0.000129
454 0.000116
453 0.000118
452 0.000131
451 0.00012
450 0.000114
449 0.000115
448 0.000117
447 0.00012
446 0.000113
445 0.000113
444 0.000113
443 0.000112
442 0.000124
441 0.000112
440 0.000112
439 0.000112
438 0.000117
437 0.000126
436 0.000125
435 0.000136
434 0.000128
433 0.000126
432 0.000124
431 0.000124
430 0.000124
429 0.000122
428 0.000122
427 0.000121
426 0.000122
425 0.000121
424 0.00012
423 0.000118
422 0.00012
421 0.000131
420 0.000119
419 0.000125
418 0.000126
417 0.000122
416 0.000124
415 0.00011
414 0.000106
413 0.000104
412 0.000106
411 0.000106
410 0.000104
409 0.000105
408 0.000108
407 0.000116
406 0.000105
405 0.000103
404 0.000104
403 0.000104
402 0.000106
401 0.000102
400 0.000102
399 0.000102
398 0.000102
397 0.0001
396 0.000104
395 0.000103
394 0.0001
393 0.000101
392 9.9e-05
391 0.0001
390 9.9e-05
389 0.0001
388 9.9e-05
387 0.000105
386 0.0001
385 0.000106
384 0.000107
383 0.000104
382 0.000101
381 0.000102
380 9.7e-05
379 9.7e-05
378 9.7e-05
377 9.6e-05
376 9.6e-05
375 9.8e-05
374 9.5e-05
373 9.8e-05
372 9.3e-05
371 9.5e-05
370 0.0001
369 9.5e-05
368 9.6e-05
367 9.4e-05
366 0.000111
365 9.4e-05
364 0.000102
363 9.6e-05
362 9.5e-05
361 9.4e-05
360 9.3e-05
359 9.3e-05
358 9.2e-05
357 9.6e-05
356 9.8e-05
355 9.1e-05
354 9.2e-05
353 9.3e-05
352 9.3e-05
351 9.2e-05
350 9.5e-05
349 9.1e-05
348 9e-05
347 9e-05
346 9e-05
345 9.4e-05
344 9e-05
343 8.9e-05
342 9e-05
341 8.9e-05
340 8.7e-05
339 8.9e-05
338 8.8e-05
337 8.8e-05
336 8.6e-05
335 8.7e-05
334 8.8e-05
333 8.8e-05
332 8.7e-05
331 8.5e-05
330 8.6e-05
329 8.5e-05
328 8.6e-05
327 8.6e-05
326 8.6e-05
325 8.6e-05
324 8.4e-05
323 8.4e-05
322 8.6e-05
321 8.3e-05
320 8.7e-05
319 8.5e-05
318 0.000107
317 9.5e-05
316 0.000102
315 8.9e-05
314 8.3e-05
313 8.3e-05
312 8.2e-05
311 8.1e-05
310 8.2e-05
309 8.3e-05
308 8.4e-05
307 8.1e-05
306 8.1e-05
305 7.9e-05
304 8e-05
303 8e-05
302 7.9e-05
301 7.9e-05
300 7.8e-05
299 8.1e-05
298 7.7e-05
297 7.8e-05
296 7.8e-05
295 7.8e-05
294 7.8e-05
293 7.8e-05
292 7.7e-05
291 7.7e-05
290 7.7e-05
289 7.8e-05
288 7.3e-05
287 7.6e-05
286 7.4e-05
285 7.4e-05
284 7.4e-05
283 7.5e-05
282 7.5e-05
281 7.3e-05
280 7.2e-05
279 7.3e-05
278 7.3e-05
277 7.4e-05
276 7.1e-05
275 7.2e-05
274 7.3e-05
273 7.7e-05
272 7.2e-05
271 7.3e-05
270 7e-05
269 7.1e-05
268 6.9e-05
267 8.2e-05
266 6.9e-05
265 7.1e-05
264 6.8e-05
263 6.9e-05
262 6.8e-05
261 7e-05
260 6.9e-05
259 6.9e-05
258 6.7e-05
257 6.9e-05
256 6.9e-05
255 7.2e-05
254 7.6e-05
253 6.9e-05
252 6.6e-05
251 6.6e-05
250 6.6e-05
249 6.5e-05
248 6.5e-05
247 6.7e-05
246 6.5e-05
245 6.3e-05
244 7.3e-05
243 7.2e-05
242 6.5e-05
241 6.4e-05
240 6.3e-05
239 6.4e-05
238 6.4e-05
237 6.2e-05
236 6.2e-05
235 6.2e-05
234 6.2e-05
233 6.2e-05
232 6.1e-05
231 6.1e-05
230 6e-05
229 6.2e-05
228 6.1e-05
227 6.1e-05
226 6e-05
225 6e-05
224 6e-05
223 5.9e-05
222 6.1e-05
221 6.2e-05
220 5.8e-05
219 6e-05
218 6.1e-05
217 5.9e-05
216 5.8e-05
215 5.8e-05
214 5.7e-05
213 5.8e-05
212 5.8e-05
211 5.7e-05
210 5.7e-05
209 5.6e-05
208 5.6e-05
207 5.6e-05
206 5.5e-05
205 5.5e-05
204 5.5e-05
203 5.5e-05
202 5.7e-05
201 6.5e-05
200 5.8e-05
199 5.3e-05
198 5.3e-05
197 5.3e-05
196 5.2e-05
195 5.3e-05
194 5.2e-05
193 5.3e-05
192 5.1e-05
191 5.2e-05
190 5e-05
189 5.2e-05
188 5.1e-05
187 5.2e-05
186 5e-05
185 5.1e-05
184 5e-05
183 5.1e-05
182 4.9e-05
181 5.1e-05
180 5e-05
179 5e-05
178 4.8e-05
177 4.8e-05
176 4.8e-05
175 5.1e-05
174 4.7e-05
173 4.8e-05
172 4.6e-05
171 4.7e-05
170 4.6e-05
169 4.8e-05
168 4.5e-05
167 4.6e-05
166 4.6e-05
165 5e-05
164 5.6e-05
163 5.5e-05
162 5.9e-05
161 6.4e-05
160 4.2e-05
159 4.5e-05
158 4.3e-05
157 4.4e-05
156 4.4e-05
155 4.3e-05
154 4.3e-05
153 4.2e-05
152 4.2e-05
151 4.2e-05
150 4.2e-05
149 4.2e-05
148 4.1e-05
147 4.1e-05
146 4e-05
145 4e-05
144 3.9e-05
143 4e-05
142 3.9e-05
141 3.9e-05
140 3.8e-05
139 4e-05
138 3.8e-05
137 3.9e-05
136 3.7e-05
135 3.8e-05
134 3.7e-05
133 3.8e-05
132 3.7e-05
131 3.8e-05
130 3.7e-05
129 3.7e-05
128 3.5e-05
127 3.5e-05
126 3.6e-05
125 3.5e-05
124 3.6e-05
123 3.6e-05
122 3.5e-05
121 3.4e-05
120 3.3e-05
119 3.4e-05
118 3.4e-05
117 3.4e-05
116 3.4e-05
115 3.2e-05
114 3.3e-05
113 3.2e-05
112 3.2e-05
111 3.2e-05
110 3.2e-05
109 3.1e-05
108 3.1e-05
107 3.1e-05
106 3.8e-05
105 3.2e-05
104 3e-05
103 3e-05
102 3e-05
101 2.9e-05
100 2.8e-05
99 2.9e-05
98 3e-05
97 2.8e-05
96 2.8e-05
95 2.8e-05
94 2.7e-05
93 2.8e-05
92 2.7e-05
91 2.8e-05
90 2.6e-05
89 2.7e-05
88 2.5e-05
87 2.6e-05
86 2.6e-05
85 2.5e-05
84 2.4e-05
83 2.6e-05
82 2.5e-05
81 2.4e-05
80 2.4e-05
79 2.4e-05
78 2.4e-05
77 2.5e-05
76 2.4e-05
75 2.6e-05
74 2.6e-05
73 2.8e-05
72 2.5e-05
71 2.2e-05
70 2.7e-05
69 2.3e-05
68 2.1e-05
67 2.2e-05
66 2.1e-05
65 2.2e-05
64 2e-05
63 1.9e-05
62 2e-05
61 1.8e-05
60 2e-05
59 2.1e-05
58 2e-05
57 2e-05
56 1.6e-05
55 1.8e-05
54 1.6e-05
53 1.7e-05
52 1.6e-05
51 1.8e-05
50 1.7e-05
49 1.6e-05
48 1.5e-05
47 1.4e-05
46 1.6e-05
45 1.4e-05
44 1.5e-05
43 1.4e-05
42 1.4e-05
41 1.2e-05
40 1.3e-05
39 1.4e-05
38 1.3e-05
37 1.1e-05
36 1e-05
35 1.4e-05
34 1e-05
33 1e-05
32 1.1e-05
31 1e-05
30 9e-06
29 1.1e-05
28 9e-06
27 9e-06
26 8e-06
25 1.1e-05
24 7e-06
23 8e-06
22 8e-06
21 8e-06
20 7e-06
19 5e-06
18 4e-06
17 6e-06
16 5e-06
15 5e-06
14 5e-06
13 6e-06
12 4e-06
11 4e-06
10 4e-06
